y_rate: 0.018518518518518517
x_rate: 0.005729166666666666